1 2.77778e-05 32.4788 43.8037 2.49834e+09 16131.7
2 2.78056e-05 32.4925 43.8037 2.50074e+09 16251.5
3 2.79444e-05 32.5553 43.8037 2.51273e+09 16809.4
4 2.86389e-05 32.7814 43.8037 2.57269e+09 18921.9
5 3.21111e-05 33.2837 43.8037 2.87248e+09 23910.9
6 4.94722e-05 34.032 43.8037 4.37144e+09 29819.5
7 0.000136278 35.047 43.8035 1.18663e+10 32463.1
8 0.000570306 36.3061 43.8028 4.93403e+10 32865
9 0.00274044 37.668 43.799 2.36711e+11 32861.4
10 0.0135911 39.0463 43.7802 1.17356e+12 32631.4
11 0.0391844 39.9367 43.7357 3.38329e+12 32084.6
12 0.0775836 40.4863 43.669 6.69869e+12 31287.9
13 0.128142 40.8654 43.5812 1.10639e+13 30282.7
14 0.190949 41.1426 43.4721 1.64867e+13 29100.2
15 0.266488 41.3508 43.3408 2.30087e+13 27769.4
16 0.35573 41.5084 43.1858 3.07139e+13 26316.5
17 0.46027 41.6266 43.0042 3.97399e+13 24764.7
18 0.582576 41.7129 42.7917 5.02999e+13 23133.5
19 0.727218 41.7726 42.5405 6.27883e+13 21429.3
20 0.903451 41.809 42.2343 7.80043e+13 19633.2
21 1.1238 41.8225 41.8515 9.70291e+13 17740.8
22 1.40946 41.811 41.3553 1.21694e+14 15737.1
23 1.77263 41.7709 40.7244 1.53049e+14 13712.5
24 2.15186 41.7105 40.0656 1.85792e+14 12020.4
25 2.51836 41.6385 39.4289 2.17436e+14 10660
26 2.8722 41.5575 38.8142 2.47986e+14 9527.05
27 3.21313 41.4692 38.222 2.77423e+14 8560.93
28 3.54083 41.3749 37.6527 3.05717e+14 7724.33
29 3.85536 41.2757 37.1063 3.32873e+14 6991.98
30 4.15719 41.1727 36.582 3.58933e+14 6345.54
31 4.44704 41.0664 36.0785 3.83959e+14 5771.16
32 4.72576 40.9575 35.5943 4.08023e+14 5258.06
33 4.99418 40.8463 35.128 4.31199e+14 4797.69
34 5.25313 40.7332 34.6781 4.53556e+14 4383.15
35 5.50335 40.6185 34.2435 4.75161e+14 4008.72
36 5.74554 40.5024 33.8227 4.96071e+14 3669.69
37 5.98032 40.3851 33.4149 5.16342e+14 3362.04
38 6.20824 40.2667 33.0189 5.36021e+14 3082.36
39 6.42981 40.1474 32.634 5.55152e+14 2827.71
40 6.64549 40.0272 32.2594 5.73773e+14 2595.54
41 6.85567 39.9063 31.8942 5.9192e+14 2383.6
42 7.06072 39.7846 31.538 6.09624e+14 2189.94
43 7.26098 39.6624 31.1902 6.26914e+14 2012.82
44 7.45673 39.5397 30.8501 6.43816e+14 1850.69
45 7.64825 39.4164 30.5174 6.60352e+14 1702.18
46 7.83578 39.2926 30.1916 6.76543e+14 1566.06
47 8.01956 39.1684 29.8724 6.92411e+14 1441.23
48 8.19978 39.0439 29.5593 7.07971e+14 1326.67
49 8.37663 38.919 29.2521 7.2324e+14 1221.51
50 8.55029 38.7937 28.9504 7.38234e+14 1124.93
51 8.72091 38.6681 28.654 7.52965e+14 1036.19
52 8.88864 38.5422 28.3626 7.67447e+14 954.631
53 9.05362 38.4161 28.076 7.81691e+14 879.643
54 9.21597 38.2897 27.794 7.95709e+14 810.676
55 9.3758 38.1631 27.5163 8.09509e+14 747.23
56 9.53323 38.0362 27.2428 8.23102e+14 688.847
57 9.68836 37.9091 26.9733 8.36496e+14 635.111
58 9.84129 37.7818 26.7077 8.49699e+14 585.64
59 9.99209 37.6544 26.4457 8.6272e+14 540.087
60 10.1409 37.5267 26.1873 8.75564e+14 498.132
61 10.2877 37.3989 25.9323 8.8824e+14 459.486
62 10.4326 37.271 25.6805 9.00752e+14 423.88
63 10.5757 37.1429 25.4319 9.13108e+14 391.07
64 10.717 37.0146 25.1863 9.25312e+14 360.833
65 10.8567 36.8862 24.9437 9.3737e+14 332.962
66 10.9947 36.7577 24.704 9.49288e+14 307.269
67 11.1312 36.629 24.4669 9.61068e+14 283.581
68 11.2661 36.5002 24.2326 9.72717e+14 261.738
69 11.3995 36.3713 24.0007 9.84238e+14 241.595
70 11.5315 36.2423 23.7714 9.95636e+14 223.017
71 11.6622 36.1132 23.5445 1.00691e+15 205.881
72 11.7914 35.984 23.32 1.01807e+15 190.074
73 11.9194 35.8547 23.0977 1.02912e+15 175.491
74 12.0461 35.7254 22.8776 1.04006e+15 162.036
75 12.1715 35.5959 22.6596 1.05089e+15 149.62
76 12.2958 35.4663 22.4438 1.06162e+15 138.164
77 12.4189 35.3367 22.2299 1.07225e+15 127.591
78 12.5409 35.2069 22.0181 1.08278e+15 117.833
79 12.6617 35.0771 21.8081 1.09322e+15 108.826
80 12.7815 34.9473 21.6 1.10356e+15 100.512
81 12.9002 34.8173 21.3938 1.11381e+15 92.8375
82 13.0179 34.6873 21.1893 1.12397e+15 85.7525
83 13.1347 34.5572 20.9865 1.13405e+15 79.2115
84 13.2504 34.4271 20.7854 1.14404e+15 73.1723
85 13.3652 34.2969 20.586 1.15396e+15 67.5961
86 13.4791 34.1666 20.3882 1.16379e+15 62.4471
87 13.592 34.0363 20.192 1.17354e+15 57.6924
88 13.7041 33.9059 19.9972 1.18322e+15 53.3015
89 13.8154 33.7754 19.804 1.19282e+15 49.2465
90 13.9257 33.645 19.6123 1.20235e+15 45.5014
91 14.0353 33.5144 19.422 1.21181e+15 42.0425
92 14.144 33.3838 19.2331 1.2212e+15 38.8477
93 14.252 33.2532 19.0455 1.23052e+15 35.8967
94 14.3592 33.1225 18.8593 1.23977e+15 33.1708
95 14.4656 32.9918 18.6744 1.24896e+15 30.6528
96 14.5713 32.861 18.4909 1.25809e+15 28.3266
97 14.6762 32.7302 18.3085 1.26715e+15 26.1777
98 14.7805 32.5993 18.1274 1.27615e+15 24.1925
99 14.884 32.4684 17.9476 1.28509e+15 22.3583
100 14.9869 32.3375 17.7689 1.29397e+15 20.6637
101 15.0891 32.2065 17.5913 1.3028e+15 19.098
102 15.1906 32.0755 17.415 1.31156e+15 17.6513
103 15.2915 31.9444 17.2397 1.32027e+15 16.3146
104 15.3918 31.8133 17.0655 1.32893e+15 15.0794
105 15.4914 31.6822 16.8925 1.33753e+15 13.9381
106 15.5904 31.5511 16.7204 1.34608e+15 12.8834
107 15.6888 31.4199 16.5495 1.35458e+15 11.9087
108 15.7867 31.2886 16.3795 1.36302e+15 11.008
109 15.8839 31.1574 16.2106 1.37142e+15 10.1756
110 15.9806 31.0261 16.0426 1.37977e+15 9.40638
111 16.0767 30.8948 15.8756 1.38807e+15 8.69543
112 16.1723 30.7634 15.7096 1.39632e+15 8.03836
113 16.2673 30.6321 15.5445 1.40452e+15 7.43107
114 16.3618 30.5007 15.3804 1.41268e+15 6.86977
115 16.4558 30.3692 15.2171 1.4208e+15 6.35098
116 16.5493 30.2378 15.0547 1.42887e+15 5.87147
117 16.6422 30.1063 14.8933 1.43689e+15 5.42824
118 16.7347 29.9748 14.7326 1.44488e+15 5.01855
119 16.8267 29.8432 14.5729 1.45282e+15 4.63986
120 16.9181 29.7117 14.4139 1.46072e+15 4.2898
121 17.0091 29.5801 14.2558 1.46857e+15 3.96621
122 17.0997 29.4485 14.0986 1.47639e+15 3.66709
123 17.1898 29.3168 13.9421 1.48417e+15 3.39057
124 17.2794 29.1852 13.7864 1.49191e+15 3.13494
125 17.3686 29.0535 13.6315 1.49961e+15 2.89863
126 17.4573 28.9218 13.4773 1.50727e+15 2.68016
127 17.5456 28.7901 13.3239 1.51489e+15 2.4782
128 17.6335 28.6584 13.1712 1.52248e+15 2.29148
129 17.7209 28.5266 13.0193 1.53003e+15 2.11885
130 17.808 28.3948 12.8681 1.53755e+15 1.95926
131 17.8946 28.263 12.7176 1.54503e+15 1.8117
132 17.9808 28.1312 12.5678 1.55247e+15 1.67528
133 18.0667 27.9993 12.4188 1.55988e+15 1.54915
134 18.1521 27.8675 12.2704 1.56726e+15 1.43253
135 18.2371 27.7356 12.1226 1.5746e+15 1.32471
136 18.3218 27.6037 11.9756 1.58191e+15 1.22501
137 18.4061 27.4718 11.8291 1.58918e+15 1.13283
138 18.49 27.3399 11.6834 1.59643e+15 1.0476
139 18.5735 27.2079 11.5383 1.60364e+15 0.968789
140 18.6567 27.076 11.3938 1.61082e+15 0.895917
141 18.7395 26.944 11.2499 1.61797e+15 0.828534
142 18.822 26.812 11.1066 1.62509e+15 0.766227
143 18.9041 26.68 10.964 1.63218e+15 0.708612
144 18.9859 26.5479 10.822 1.63924e+15 0.655336
145 19.0673 26.4159 10.6805 1.64627e+15 0.606071
146 19.1484 26.2838 10.5396 1.65327e+15 0.560514
147 19.2291 26.1518 10.3993 1.66025e+15 0.518387
148 19.3096 26.0197 10.2596 1.66719e+15 0.47943
149 19.3897 25.8876 10.1205 1.67411e+15 0.443404
150 19.4694 25.7554 9.98188 1.681e+15 0.410089
151 19.5489 25.6233 9.84383 1.68786e+15 0.379281
152 19.6281 25.4912 9.70633 1.69469e+15 0.35079
153 19.7069 25.359 9.56937 1.7015e+15 0.324441
154 19.7854 25.2268 9.43294 1.70828e+15 0.300074
155 19.8637 25.0946 9.29703 1.71503e+15 0.27754
156 19.9416 24.9624 9.16165 1.72176e+15 0.256699
157 20.0192 24.8302 9.02678 1.72847e+15 0.237426
158 20.0966 24.698 8.89242 1.73514e+15 0.219601
159 20.1736 24.5658 8.75856 1.7418e+15 0.203116
160 20.2504 24.4335 8.62519 1.74843e+15 0.18787
161 20.3269 24.3013 8.49232 1.75503e+15 0.173769
162 20.4031 24.169 8.35994 1.76161e+15 0.160728
163 20.479 24.0367 8.22803 1.76816e+15 0.148667
164 20.5547 23.9044 8.09661 1.7747e+15 0.137511
165 20.6301 23.7721 7.96565 1.78121e+15 0.127194
166 20.7052 23.6398 7.83516 1.78769e+15 0.117651
167 20.78 23.5074 7.70513 1.79415e+15 0.108826
168 20.8546 23.3751 7.57555 1.80059e+15 0.100662
169 20.929 23.2427 7.44643 1.80701e+15 0.0931122
170 21.003 23.1104 7.31775 1.81341e+15 0.0861289
171 21.0769 22.978 7.18952 1.81978e+15 0.0796698
172 21.1504 22.8456 7.06172 1.82613e+15 0.0736955
173 21.2237 22.7132 6.93436 1.83246e+15 0.0681696
174 21.2968 22.5808 6.80742 1.83877e+15 0.0630585
175 21.3696 22.4484 6.68091 1.84506e+15 0.0583309
176 21.4422 22.316 6.55482 1.85133e+15 0.0539581
177 21.5146 22.1836 6.42915 1.85757e+15 0.0499134
178 21.5867 22.0511 6.30389 1.8638e+15 0.0461721
179 21.6585 21.9187 6.17904 1.87e+15 0.0427115
180 21.7302 21.7862 6.05459 1.87619e+15 0.0395105
181 21.8016 21.6537 5.93054 1.88235e+15 0.0365496
182 21.8728 21.5212 5.80689 1.8885e+15 0.0338108
183 21.9437 21.3888 5.68363 1.89463e+15 0.0312773
184 22.0144 21.2563 5.56076 1.90073e+15 0.0289339
185 22.085 21.1238 5.43827 1.90682e+15 0.0267661
186 22.1552 20.9912 5.31617 1.91289e+15 0.0247609
187 22.2253 20.8587 5.19445 1.91894e+15 0.0229061
188 22.2952 20.7262 5.0731 1.92497e+15 0.0211903
189 22.3648 20.5936 4.95212 1.93098e+15 0.0196031
190 22.4342 20.4611 4.83151 1.93698e+15 0.0181348
191 22.5034 20.3285 4.71127 1.94295e+15 0.0167767
192 22.5725 20.196 4.59138 1.94891e+15 0.0155203
193 22.6413 20.0634 4.47186 1.95485e+15 0.0143581
194 22.7099 19.9308 4.35269 1.96077e+15 0.0132831
195 22.7783 19.7982 4.23387 1.96668e+15 0.0122886
196 22.8465 19.6656 4.1154 1.97257e+15 0.0113683
197 22.9145 19.533 3.99728 1.97844e+15 0.0105172
198 22.9823 19.4004 3.8795 1.98429e+15 0.00973005
199 23.0499 19.2678 3.76206 1.99013e+15 0.00900181
200 23.1173 19.1352 3.64496 1.99595e+15 0.0083281
201 23.1845 19.0026 3.52819 2.00175e+15 0.00770411
202 23.2515 18.8699 3.41175 2.00754e+15 0.00712752
203 23.3183 18.7373 3.29564 2.01331e+15 0.00659316
204 23.385 18.6046 3.17986 2.01907e+15 0.00610063
205 23.4515 18.472 3.0644 2.0248e+15 0.00564367
206 23.5177 18.3393 2.94926 2.03053e+15 0.00522292
207 23.5838 18.2066 2.83444 2.03623e+15 0.0048283
208 23.6498 18.0739 2.71993 2.04193e+15 0.00446807
209 23.7155 17.9413 2.60574 2.0476e+15 0.00413603
210 23.781 17.8086 2.49185 2.05326e+15 0.00382744
211 23.8464 17.6759 2.37828 2.05891e+15 0.00353454
212 23.9116 17.5432 2.26501 2.06454e+15 0.0032695
213 23.9767 17.4105 2.15204 2.07015e+15 0.00302389
214 24 17.3627 2.11149 2.07217e+15 0.00294528
