1 2.77778e-05 32.2747 43.2808 1.59896e+09 17929.1
2 2.78056e-05 32.2789 43.2808 1.60046e+09 17963.5
3 2.79444e-05 32.2991 43.2808 1.60796e+09 18131.6
4 2.86389e-05 32.3894 43.2808 1.64543e+09 18880.1
5 3.21111e-05 32.692 43.2808 1.8328e+09 21293.9
6 4.94722e-05 33.3325 43.2808 2.76965e+09 25044.7
7 0.000136278 34.3227 43.2806 7.45391e+09 26995.2
8 0.000570306 35.5793 43.2799 3.08752e+10 27341.2
9 0.00274044 36.941 43.2761 1.47982e+11 27349.1
10 0.0135911 38.3193 43.2573 7.33514e+11 27160.3
11 0.0382183 39.1891 43.2145 2.06246e+12 26722.8
12 0.075304 39.736 43.1501 4.0637e+12 26082
13 0.124382 40.1168 43.0648 6.71208e+12 25268.8
14 0.185475 40.3967 42.9587 1.00088e+13 24309.4
15 0.259018 40.6077 42.8309 1.39774e+13 23228.3
16 0.345938 40.7684 42.6799 1.86678e+13 22046.9
17 0.447792 40.8901 42.503 2.41641e+13 20784.5
18 0.567046 40.9805 42.2958 3.05994e+13 19457
19 0.707881 41.0451 42.0512 3.81992e+13 18073.4
20 0.880328 41.0879 41.7516 4.75049e+13 16611.8
21 1.09968 41.1103 41.3705 5.93419e+13 15055.8
22 1.40681 41.1107 40.837 7.59152e+13 13314
23 1.93108 41.0742 39.9263 1.04206e+14 11127.5
24 2.38507 41.0237 39.1376 1.28705e+14 9725.96
25 2.8797 40.9548 38.2783 1.55396e+14 8506.88
26 3.33671 40.8792 37.4844 1.80058e+14 7566.35
27 3.77828 40.7955 36.7173 2.03886e+14 6776.16
28 4.20376 40.705 35.9782 2.26846e+14 6098.15
29 4.61264 40.609 35.2679 2.4891e+14 5508.58
30 5.00505 40.5085 34.5862 2.70086e+14 4990.91
31 5.3817 40.4043 33.9319 2.90411e+14 4532.89
32 5.74354 40.2971 33.3033 3.09937e+14 4125.15
33 6.09166 40.1874 32.6986 3.28722e+14 3760.35
34 6.4271 40.0755 32.1159 3.46824e+14 3432.62
35 6.75089 39.9619 31.5534 3.64296e+14 3137.2
36 7.06393 39.8467 31.0096 3.81189e+14 2870.13
37 7.36709 39.7302 30.4829 3.97548e+14 2628.13
38 7.66111 39.6125 29.9722 4.13414e+14 2408.39
39 7.94668 39.4938 29.4761 4.28824e+14 2208.52
40 8.22442 39.3741 28.9936 4.43812e+14 2026.45
41 8.49487 39.2537 28.5238 4.58406e+14 1860.38
42 8.75853 39.1325 28.0658 4.72634e+14 1708.73
43 9.01585 39.0107 27.6188 4.86519e+14 1570.12
44 9.26722 38.8883 27.1821 5.00084e+14 1443.3
45 9.51302 38.7654 26.7551 5.13348e+14 1327.2
46 9.75357 38.6419 26.3372 5.26329e+14 1220.82
47 9.98918 38.518 25.9279 5.39043e+14 1123.3
48 10.2201 38.3937 25.5267 5.51505e+14 1033.85
49 10.4466 38.269 25.1332 5.63729e+14 951.753
50 10.669 38.144 24.747 5.75727e+14 876.375
51 10.8873 38.0186 24.3676 5.8751e+14 807.136
52 11.1019 37.8929 23.9948 5.9909e+14 743.514
53 11.3129 37.767 23.6283 6.10475e+14 685.03
54 11.5205 37.6407 23.2677 6.21676e+14 631.254
55 11.7248 37.5143 22.9129 6.327e+14 581.792
56 11.9259 37.3875 22.5634 6.43555e+14 536.285
57 12.1241 37.2606 22.2192 6.54248e+14 494.406
58 12.3194 37.1335 21.8799 6.64786e+14 455.857
59 12.5119 37.0061 21.5455 6.75176e+14 420.366
60 12.7018 36.8786 21.2156 6.85423e+14 387.683
61 12.8891 36.7509 20.8902 6.95532e+14 357.58
62 13.074 36.6231 20.569 7.0551e+14 329.849
63 13.2566 36.495 20.2518 7.1536e+14 304.299
64 13.4369 36.3669 19.9387 7.25088e+14 280.754
65 13.6149 36.2386 19.6293 7.34698e+14 259.054
66 13.7909 36.1101 19.3236 7.44193e+14 239.051
67 13.9648 35.9816 19.0215 7.53578e+14 220.61
68 14.1368 35.8529 18.7228 7.62857e+14 203.608
69 14.3068 35.724 18.4274 7.72032e+14 187.929
70 14.475 35.5951 18.1353 7.81108e+14 173.471
71 14.6414 35.4661 17.8462 7.90086e+14 160.135
72 14.806 35.3369 17.5602 7.98971e+14 147.834
73 14.969 35.2077 17.2771 8.07765e+14 136.486
74 15.1303 35.0784 16.9969 8.1647e+14 126.017
75 15.29 34.949 16.7194 8.2509e+14 116.357
76 15.4482 34.8195 16.4446 8.33626e+14 107.443
77 15.6049 34.6899 16.1724 8.42081e+14 99.2179
78 15.7601 34.5602 15.9028 8.50458e+14 91.6268
79 15.9139 34.4304 15.6356 8.58757e+14 84.6205
80 16.0663 34.3006 15.3708 8.66982e+14 78.1536
81 16.2174 34.1707 15.1084 8.75135e+14 72.1841
82 16.3672 34.0407 14.8482 8.83216e+14 66.6734
83 16.5156 33.9107 14.5903 8.91228e+14 61.5861
84 16.6629 33.7806 14.3345 8.99173e+14 56.8891
85 16.8089 33.6504 14.0809 9.07052e+14 52.5525
86 16.9537 33.5202 13.8293 9.14866e+14 48.5482
87 17.0974 33.3899 13.5797 9.22618e+14 44.8507
88 17.2399 33.2596 13.3322 9.30309e+14 41.4363
89 17.3813 33.1292 13.0865 9.3794e+14 38.2831
90 17.5216 32.9987 12.8427 9.45513e+14 35.371
91 17.6609 32.8682 12.6008 9.53028e+14 32.6815
92 17.7991 32.7377 12.3606 9.60488e+14 30.1974
93 17.9363 32.607 12.1223 9.67893e+14 27.9029
94 18.0726 32.4764 11.8856 9.75244e+14 25.7836
95 18.2078 32.3457 11.6506 9.82543e+14 23.8259
96 18.3421 32.2149 11.4173 9.8979e+14 22.0174
97 18.4755 32.0842 11.1856 9.96987e+14 20.3468
98 18.608 31.9533 10.9555 1.00414e+15 18.8034
99 18.7395 31.8225 10.727 1.01123e+15 17.3775
100 18.8702 31.6915 10.4999 1.01829e+15 16.0602
101 19.0001 31.5606 10.2744 1.02529e+15 14.8431
102 19.129 31.4296 10.0503 1.03225e+15 13.7185
103 19.2572 31.2986 9.82771 1.03917e+15 12.6794
104 19.3845 31.1675 9.60648 1.04604e+15 11.7193
105 19.5111 31.0364 9.38665 1.05287e+15 10.8321
106 19.6369 30.9053 9.16817 1.05966e+15 10.0123
107 19.7619 30.7741 8.95102 1.0664e+15 9.25473
108 19.8861 30.6429 8.73519 1.07311e+15 8.55465
109 20.0096 30.5117 8.52064 1.07977e+15 7.90768
110 20.1324 30.3804 8.30736 1.0864e+15 7.30978
111 20.2544 30.2491 8.09532 1.09298e+15 6.75721
112 20.3758 30.1178 7.88451 1.09953e+15 6.24653
113 20.4965 29.9864 7.67489 1.10604e+15 5.77454
114 20.6164 29.855 7.46646 1.11252e+15 5.33831
115 20.7358 29.7236 7.25919 1.11896e+15 4.93512
116 20.8544 29.5922 7.05306 1.12536e+15 4.56245
117 20.9724 29.4607 6.84806 1.13173e+15 4.218
118 21.0898 29.3292 6.64416 1.13806e+15 3.89961
119 21.2065 29.1977 6.44136 1.14436e+15 3.60531
120 21.3227 29.0661 6.23962 1.15063e+15 3.33327
121 21.4382 28.9346 6.03894 1.15686e+15 3.08181
122 21.5531 28.803 5.8393 1.16306e+15 2.84935
123 21.6674 28.6714 5.64069 1.16923e+15 2.63447
124 21.7812 28.5397 5.44308 1.17537e+15 2.43583
125 21.8944 28.4081 5.24646 1.18148e+15 2.25219
126 22.007 28.2764 5.05082 1.18756e+15 2.08243
127 22.1191 28.1447 4.85615 1.1936e+15 1.92549
128 22.2306 28.013 4.66242 1.19962e+15 1.7804
129 22.3416 27.8812 4.46964 1.20561e+15 1.64626
130 22.452 27.7494 4.27777 1.21157e+15 1.52225
131 22.5619 27.6176 4.08682 1.2175e+15 1.4076
132 22.6713 27.4858 3.89676 1.2234e+15 1.3016
133 22.7802 27.354 3.70759 1.22928e+15 1.20359
134 22.8886 27.2222 3.51929 1.23513e+15 1.11298
135 22.9965 27.0903 3.33185 1.24095e+15 1.0292
136 23.1039 26.9584 3.14526 1.24675e+15 0.951735
137 23.2108 26.8265 2.95951 1.25252e+15 0.880112
138 23.3173 26.6946 2.77459 1.25826e+15 0.813887
139 23.4233 26.5627 2.59048 1.26398e+15 0.752654
140 23.5288 26.4307 2.40718 1.26968e+15 0.696035
141 23.6339 26.2987 2.22468 1.27535e+15 0.643681
142 23.7385 26.1667 2.04296 1.28099e+15 0.595271
143 23.8426 26.0347 1.86201 1.28661e+15 0.550508
144 23.9463 25.9027 1.68183 1.29221e+15 0.509115
145 24 25.8342 1.58861 1.2951e+15 0.488876
