-7.944189316859718630e+00 1.828564043414354856e+01
-7.944189316859718630e+00 1.828564043414354856e+01
-7.944189316859718630e+00 1.828564043414354856e+01
-7.944189316859718630e+00 1.828564043414354856e+01
-7.944189316859718630e+00 1.828564043414354856e+01
-7.944189316859718630e+00 1.828564043414354856e+01
-7.944189316859718630e+00 1.828564043414354856e+01
-7.944189316859718630e+00 1.828564043414354856e+01
-7.944182509523474600e+00 1.828564043395947536e+01
-7.914756509568359633e+00 1.828563961063133547e+01
-7.875406347895180126e+00 1.828563841857014438e+01
-7.860548745808652704e+00 1.828563793958250372e+01
-7.846092727395881816e+00 1.828563745751593572e+01
-7.831073391063351430e+00 1.828563693934089684e+01
-7.819661693564882832e+00 1.828563653345086948e+01
-7.799385066919535703e+00 1.828563578535470668e+01
-7.783284427368635683e+00 1.828563516588881299e+01
-7.761018164726651847e+00 1.828563427037891742e+01
-7.724200397386537631e+00 1.828563268484758453e+01
-7.689525994285752120e+00 1.828563106323161236e+01
-7.678401809236987674e+00 1.828563051487370927e+01
-7.658049157791150918e+00 1.828562947440772035e+01
-7.623234904631450704e+00 1.828562757723612009e+01
-7.601762922931788680e+00 1.828562632875716076e+01
-7.576817484264639191e+00 1.828562479836550025e+01
-7.547679976188169881e+00 1.828562289543186026e+01
-7.513718293337249499e+00 1.828562050949003037e+01
-7.460020642106045763e+00 1.828561633305167433e+01
-7.417155329173804823e+00 1.828561260604549688e+01
-7.368433755304130806e+00 1.828560789564930644e+01
-7.330938397131849804e+00 1.828560389091119731e+01
-7.304233139814677145e+00 1.828560081887721012e+01
-7.262432000796319009e+00 1.828559561170117576e+01
-7.183696927638422380e+00 1.828558432049004878e+01
-7.086802337715838895e+00 1.828556726801572907e+01
-7.022128057263540946e+00 1.828555354760322871e+01
-6.962124986755285683e+00 1.828553882827286259e+01
-6.886940674133121831e+00 1.828551721859852108e+01
-6.802817430886596739e+00 1.828548806818274741e+01
-6.725829851889236544e+00 1.828545583481424330e+01
-6.656804146602582684e+00 1.828542150727537674e+01
-6.594908303731146226e+00 1.828538556421255024e+01
-6.554923094403487305e+00 1.828535936423233110e+01
-6.503392074629847031e+00 1.828532168558662718e+01
-6.468462394484189915e+00 1.828529336287751406e+01
-6.435194940149645326e+00 1.828526407867381920e+01
-6.386713900751566975e+00 1.828521695078668330e+01
-6.353858346490356190e+00 1.828518170404370125e+01
-6.319432109878764692e+00 1.828514160720591875e+01
-6.287392383210449687e+00 1.828510111937903559e+01
-6.261035204103334806e+00 1.828506532818782659e+01
-6.242676651453077596e+00 1.828503898150555429e+01
-6.221448150327151261e+00 1.828500697842603273e+01
-6.202172763777040743e+00 1.828497641432545251e+01
-6.185141475381821685e+00 1.828494815322299516e+01
-6.169276518760888450e+00 1.828492071693564824e+01
-6.153440902565396442e+00 1.828489221490145766e+01
-6.140001297172699601e+00 1.828486711353411920e+01
-6.124688352244003653e+00 1.828483745029078023e+01
-6.113346236108005094e+00 1.828481472165771038e+01
-6.098301580277699863e+00 1.828478353964787217e+01
-6.083284383788940985e+00 1.828475119254273551e+01
-6.070685994149346065e+00 1.828472307533614583e+01
-6.056449783343947679e+00 1.828469018309216665e+01
-6.045291611190955372e+00 1.828466354148469364e+01
-6.037502251234920791e+00 1.828464448044053370e+01
-6.018468404960108487e+00 1.828459624241040871e+01
-5.991918661828495196e+00 1.828452480921032830e+01
-5.970380226199674567e+00 1.828446306859948223e+01
-5.951537380350427675e+00 1.828440607998054901e+01
-5.933593398349299441e+00 1.828434907394085229e+01
-5.914713139042091505e+00 1.828428604475753971e+01
-5.902187753150675675e+00 1.828424241637734937e+01
-5.887545122971796552e+00 1.828418948940795730e+01
-5.873458991893891756e+00 1.828413653090334279e+01
-5.858253090019505116e+00 1.828407700739501607e+01
-5.845842406860699114e+00 1.828402653152565804e+01
-5.827327148532086554e+00 1.828394790218222354e+01
-5.808884218652408116e+00 1.828386540326921050e+01
-5.795530184284189090e+00 1.828380291854158202e+01
-5.782037121577682015e+00 1.828373731679305791e+01
-5.768947719794572215e+00 1.828367119975676758e+01
-5.753368366918170551e+00 1.828358916870243078e+01
-5.735991003293104740e+00 1.828349315891031424e+01
-5.721156194954174268e+00 1.828340721683677472e+01
-5.706558153162762714e+00 1.828331886481714008e+01
-5.693587135645250541e+00 1.828323704903593949e+01
-5.674254449159847447e+00 1.828310898491632130e+01
-5.656144147672226730e+00 1.828298194463588544e+01
-5.637467567990333883e+00 1.828284324310821418e+01
-5.625210298215630900e+00 1.828274769804380284e+01
-5.608327677680639667e+00 1.828260986381573261e+01
-5.579658543843756924e+00 1.828235792738055920e+01
-5.557693019159001935e+00 1.828214821837843473e+01
-5.541466016421821905e+00 1.828198310153105766e+01
-5.520051149279598945e+00 1.828175076173012314e+01
-5.500043221397805659e+00 1.828151754127050310e+01
-5.479371380951443271e+00 1.828125860445832984e+01
-5.454718804727299641e+00 1.828092338063394706e+01
-5.433719812264051541e+00 1.828061264634913030e+01
-5.410923493097865133e+00 1.828024596032300764e+01
-5.384679636995388208e+00 1.827978116925208951e+01
-5.364018072173867502e+00 1.827937892070407955e+01
-5.337342711085839575e+00 1.827880539987238961e+01
-5.297444017227798341e+00 1.827781236566512035e+01
-5.269880370984179940e+00 1.827701154811353845e+01
-5.236323956059632856e+00 1.827587884141648900e+01
-5.206985545295582440e+00 1.827471295444779997e+01
-5.178096046551488918e+00 1.827336337004818034e+01
-5.142817348725506221e+00 1.827136474520675691e+01
-5.091342561024851499e+00 1.826745978285322991e+01
-5.061440955959812804e+00 1.826439077039721681e+01
-5.024215571478703346e+00 1.825926949867457338e+01
-4.999825513014809708e+00 1.825473542338189858e+01
-4.976177269753293331e+00 1.824896768591530005e+01
-4.949353510854295202e+00 1.823986898281347990e+01
-4.928679370184639197e+00 1.822984290707211841e+01
-4.914120429717875105e+00 1.822024425137511727e+01
-4.901233731609412558e+00 1.820907089145587321e+01
-4.891043285114272443e+00 1.819765024354451555e+01
-4.883383801641207889e+00 1.818697297911742794e+01
-4.878140489525977230e+00 1.817831243529337115e+01
-4.874915768954932282e+00 1.817232339741552849e+01
-4.872732806705022846e+00 1.816794199376997199e+01
-4.871254171834353386e+00 1.816481045088390189e+01
-4.870228452578825085e+00 1.816255557656098674e+01
-4.869140065118769733e+00 1.816008546668408030e+01
-4.868256617741735681e+00 1.815801948019131373e+01
-4.867592059772198887e+00 1.815642809602411489e+01
-4.867075801233803567e+00 1.815516913878076366e+01
-4.866614872345969900e+00 1.815402797269372215e+01
-4.866010044647649302e+00 1.815250550126269857e+01
-4.865178259424625118e+00 1.815036413415498728e+01
-4.864225969860211940e+00 1.814784269333798505e+01
-4.863206792335848405e+00 1.814505842891641763e+01
-4.861623828932166269e+00 1.814054977402668456e+01
-4.859858373605036697e+00 1.813524125305144707e+01
-4.857740562983448918e+00 1.812845445584234838e+01
-4.855350490653099982e+00 1.812019952377606558e+01
-4.852441395419426762e+00 1.810921399915859453e+01
-4.849213366326921459e+00 1.809568213992598018e+01
-4.845372476159782948e+00 1.807750820791997626e+01
-4.840852817773480865e+00 1.805284700975304091e+01
-4.835815876488375409e+00 1.802064535708216653e+01
-4.830179351091929973e+00 1.797813267877827670e+01
-4.823746246020583328e+00 1.792105716074328114e+01
-4.816616126137792442e+00 1.784834975918732169e+01
-4.808267667134141554e+00 1.775484560619224794e+01
-4.798700888783724139e+00 1.764451448486284946e+01
-4.787652993582121930e+00 1.752215939770004383e+01
-4.775334774356104539e+00 1.739812793776825472e+01
-4.761712805311421270e+00 1.727722878124261996e+01
-4.746609544377752066e+00 1.716059659219900979e+01
-4.729463224367499663e+00 1.704588040797972326e+01
-4.710713313691835324e+00 1.693693081367834097e+01
-4.689922354695459816e+00 1.683130232836017370e+01
-4.667676581636164279e+00 1.673160859793905786e+01
-4.642855349462099213e+00 1.663267279193359371e+01
-4.615070666864751203e+00 1.653361909242546091e+01
-4.586159490096006763e+00 1.644059140255265561e+01
-4.553645884177734970e+00 1.634540221996524778e+01
-4.520207321088279606e+00 1.625563165894757489e+01
-4.485679654790026838e+00 1.616976043089844950e+01
-4.447116835639020493e+00 1.608038483846485178e+01
-4.405880350744114438e+00 1.599092226460565946e+01
-4.364813410350478762e+00 1.590688913855909092e+01
-4.319514030770743140e+00 1.581895085602003626e+01
-4.270517603086468661e+00 1.572841319193633680e+01
-4.218868033240982029e+00 1.563716852395716828e+01
-4.165052747155922219e+00 1.554583805461057544e+01
-4.111121707453945895e+00 1.545745686889105386e+01
-4.053278806517160326e+00 1.536555123447497451e+01
-3.998139139933398312e+00 1.528025244139818817e+01
-3.941319646511540320e+00 1.519432696633212032e+01
-3.879549846345204056e+00 1.510281891387639419e+01
-3.817252243050115901e+00 1.501221127549622558e+01
-3.755914245555501463e+00 1.492438336739319560e+01
-3.690319323546484842e+00 1.483173632339774350e+01
-3.621719681707806782e+00 1.473602910598136617e+01
-3.551620797753411551e+00 1.463927493269352453e+01
-3.480385421549480718e+00 1.454185489743747972e+01
-3.410219060115546430e+00 1.444664049667745331e+01
-3.340873808392107236e+00 1.435314841637355343e+01
-3.268449658429080529e+00 1.425604727145608130e+01
-3.198524034280978423e+00 1.416273804737272890e+01
-3.128261908621341014e+00 1.406934814868297323e+01
-3.056444860496906113e+00 1.397421344628831719e+01
-2.983367520195653988e+00 1.387769074279032822e+01
-2.911184114581254700e+00 1.378258348300499314e+01
-2.835748375712334735e+00 1.368340049965677707e+01
-2.756697778419433309e+00 1.357965702576451861e+01
-2.677697894659291311e+00 1.347614394518138958e+01
-2.600706340296548458e+00 1.337539356016220005e+01
-2.523663764709845658e+00 1.327468454683588206e+01
-2.442220252118348256e+00 1.316832067843543719e+01
-2.368654541828055571e+00 1.307231740727887725e+01
-2.289806410369996659e+00 1.296948417229662098e+01
-2.208780998924856132e+00 1.286386859818638051e+01
-2.131233281817346281e+00 1.276283140515911363e+01
-2.052074680096120929e+00 1.265973338551748917e+01
-1.974406199034781428e+00 1.255860728390414849e+01
-1.894552503870630122e+00 1.245466279466385551e+01
-1.818845133135675418e+00 1.235613649676989567e+01
-1.737754141142464404e+00 1.225062278086863543e+01
-1.649666045028598926e+00 1.213602293264880139e+01
-1.568692834831810101e+00 1.203069322543835540e+01
-1.482070752646128753e+00 1.191802759108592369e+01
-1.399565872008029954e+00 1.181072662886932889e+01
-1.318300854430890290e+00 1.170504571513230729e+01
-1.239711666066780404e+00 1.160285049783643530e+01
-1.159634810105446112e+00 1.149872573822361410e+01
-1.081458687857372425e+00 1.139707656465154706e+01
-9.982675388253985371e-01 1.128891020403370149e+01
-9.123660364506820386e-01 1.117722306445169700e+01
-8.232962682338575977e-01 1.106141949088638832e+01
-7.365288666517971761e-01 1.094861162639557328e+01
-6.436449949014102501e-01 1.082785367527094422e+01
-5.603742197555510174e-01 1.071959514279966186e+01
-4.834308110131645964e-01 1.061956369912883957e+01
-4.033811443829332655e-01 1.051549477967853896e+01
-3.252690591515247642e-01 1.041394552876347923e+01
-2.362195971840088671e-01 1.029817789761522384e+01
-1.458132058951091548e-01 1.018064683865470244e+01
-4.520202049199661953e-02 1.004984984007085558e+01
4.144144001954221807e-02 9.937211636369859491e+00
1.269464704897950158e-01 9.826053716785631664e+00
2.130520513332947452e-01 9.714115321065055042e+00
2.925319314197352694e-01 9.610790607055321288e+00
3.899319073272735636e-01 9.484169768283321034e+00
4.749473665441592551e-01 9.373649055724968093e+00
5.514912250749527400e-01 9.274141579813305114e+00
6.390644454985652256e-01 9.160295957540947498e+00
7.186035535910509919e-01 9.056894790408492213e+00
7.996146894951386974e-01 8.951580037370478138e+00
8.697100658920314808e-01 8.860455847390271700e+00
9.531352007195738052e-01 8.752002971649604390e+00
1.044373779728554830e+00 8.633392639267915669e+00
1.129278026460411644e+00 8.523016982415835940e+00
1.206674428516407938e+00 8.422401557361045121e+00
1.290299262685086212e+00 8.313689179600221024e+00
1.379610152429698644e+00 8.197584940348560778e+00
1.471761507826177429e+00 8.077788113124876546e+00
1.558702322006373375e+00 7.964765000634683290e+00
1.641440484064069505e+00 7.857205349032277297e+00
1.724333908224020551e+00 7.749443862835629027e+00
1.797497803490838431e+00 7.654330772994730303e+00
1.880829068507956503e+00 7.546000104717088597e+00
1.959795328605877796e+00 7.443343949940925519e+00
2.043466435795940228e+00 7.334571499538073525e+00
2.126128399588740336e+00 7.227110925615559900e+00
2.198317184207106756e+00 7.133265482309893990e+00
2.285858797726513458e+00 7.019461384492293732e+00
